0-201-78345-x 3 60 20
0-201-78345-x 3 60 20
0-201-78345-x 3 60 20
0-201-78345-x 3 60 20
0-201-78345-x 3 60 20
0-201-78345-x 3 60 20
0-201-78345-x 3 60 20
0-201-78345-x 3 60 20
0-201-78345-x 3 60 20
0-201-78345-x 3 60 20
0-201-78345-x 3 60 20
0-201-78345-x 3 60 20
0-201-78345-x 3 60 20
0-201-78345-x 3 60 20
0-201-78345-x 3 60 20
0-201-78345-x 3 60 20
0-201-78345-x 3 60 20
0-201-78345-x 3 60 20
0-201-78345-x 3 60 20
0-201-78345-x 3 60 20
0-201-78345-x 3 60 20
0-201-78345-x 3 60 20
0-201-78345-x 3 60 20
0-201-78345-x 3 60 20
0-201-78345-x 3 60 20
0-201-78345-x 3 60 20
0-201-78345-x 3 60 20
0-201-78345-x 3 60 20
